image: /home/fede/catkin_ws/src/pgmappingcooperativo/log/2021_11_15__11_02_37/map.pgm
resolution: 1.000000
origin: [-64.000000, -64.000000, 0.000000]
negate: 0
occupied_thresh: 0.65
free_thresh: 0.196

