image: 0_315000m.pgm
resolution: 0.315000
origin: [-64.000000, -64.000000, 0.000000]
negate: 0
occupied_thresh: 0.65
free_thresh: 0.196

